3,4
0,5
4294967294,5
4294967294,22
4294967294,17
4294967294,42
4294967294,76
4294967294,41
4294967294,67
4294967294,68
4294967293,131
4294967293,130
4294967293,129
4294967293,128
4294967293,127
4294967293,126
4294967293,125
4294967293,124
4294967293,123
4294967293,122
4294967293,121
4294967293,120
4294967293,119
4294967293,118
4294967293,117
4294967293,116
4294967293,115
4294967293,114
4294967293,113
4294967293,112
4294967293,111
4294967293,110
4294967293,109
4294967293,108
4294967293,107
4294967293,106
4294967293,105
4294967293,104
4294967293,103
4294967293,102
4294967293,101
4294967293,100
4294967293,99
4294967293,98
4294967293,97
4294967293,96
4294967293,95
4294967293,94
4294967293,93
4294967293,92
4294967293,91
4294967293,90
4294967293,89
4294967293,87
4294967293,86
4294967293,85
4294967293,84
4294967293,83
4294967293,82
4294967293,81
4294967293,80
4294967293,79
4294967293,78
4294967293,77
4294967293,76
4294967293,75
4294967293,74
4294967293,73
4294967293,72
4294967293,71
4294967293,70
4294967293,69
4294967293,68
4294967293,67
4294967293,66
4294967293,65
4294967293,64
4294967293,63
4294967293,62
4294967293,61
4294967293,60
4294967293,59
4294967293,58
4294967293,57
4294967293,56
4294967293,55
4294967293,54
4294967293,53
4294967293,52
4294967293,51
4294967293,50
4294967293,49
4294967293,48
4294967293,47
4294967293,46
4294967293,45
4294967293,44
4294967293,43
4294967293,42
4294967293,41
4294967293,40
4294967293,39
4294967293,38
4294967293,37
4294967293,36
4294967293,35
4294967293,34
4294967293,33
4294967293,32
4294967293,31
4294967293,30
4294967293,29
4294967293,28
4294967293,27
4294967293,26
4294967293,25
4294967293,24
4294967293,23
4294967293,22
4294967293,21
4294967293,20
4294967293,19
4294967293,18
4294967293,17
4294967293,16
4294967293,15
4294967293,14
4294967293,13
4294967293,12
4294967293,11
4294967293,10
4294967293,9
4294967293,8
4294967293,7
4294967293,6
4294967293,5
4294967293,4
4294967293,3
4294967278,117
4294967278,106
4294967278,105
4294967278,104
4294967278,103
4294967278,101
4294967278,100
4294967278,98
4294967278,97
4294967278,96
4294967278,95
4294967278,94
4294967278,93
4294967278,91
4294967278,90
4294967278,69
4294967278,68
4294967278,66
4294967278,65
4294967278,63
4294967278,350
4294967278,520
4294967278,62
4294967278,61
4294967278,59
4294967278,58
4294967278,349
4294967278,514
4294967278,56
4294967278,55
4294967278,54
4294967278,53
4294967278,52
4294967278,51
4294967278,316
4294967278,50
4294967278,49
4294967278,48
4294967278,47
4294967278,46
4294967278,45
4294967278,44
4294967278,43
4294967278,42
4294967278,41
4294967278,40
4294967278,39
4294967278,38
4294967278,37
4294967278,36
4294967278,35
4294967278,34
4294967278,33
4294967278,32
4294967278,31
4294967278,30
4294967278,29
4294967278,28
4294967278,542
4294967278,174
4294967278,88
4294967278,0
4294967278,260
4294967279,112
4294967279,111
4294967279,106
4294967279,85
4294967279,84
4294967279,75
4294967279,333
4294967279,70
4294967279,69
4294967279,68
4294967279,66
4294967279,65
4294967279,63
4294967279,324
4294967279,62
4294967279,60
4294967279,59
4294967279,58
4294967279,318
4294967279,56
4294967279,55
4294967279,50
4294967279,49
4294967279,44
4294967279,43
4294967279,39
4294967279,38
4294967279,34
4294967279,260
4294967279,296
4294967279,29
4294967279,174
4294967279,24
4294967279,23
4294967279,0
4294967294,1434
4294967294,1429
4294967294,269
4294967294,1674
4294967294,104
4294967294,106
4294967279,332
4294967279,331
4294967278,526
4294967279,330
4294967294,1672
4294967294,264
4294967294,161
4294967294,231
4294967294,230
4294967294,229
4294967294,227
4294967294,225
4294967294,152
4294967294,221
4294967294,217
4294967294,213
4294967294,212
4294967294,211
4294967294,915
4294967294,270
4294967294,207
4294967294,205
4294967294,199
4294967294,132
4294967294,1439
4294967294,829
4294967294,148
4294967294,823
4294967294,822
4294967294,131
4294967294,144
4294967294,814
4294967294,813
4294967294,795
4294967294,1440
4294967294,792
4294967294,791
4294967294,790
4294967294,788
4294967294,139
4294967294,559
4294967294,145
4294967294,784
4294967294,781
4294967294,780
4294967294,779
4294967294,778
4294967294,777
4294967294,776
4294967294,775
4294967294,773
4294967294,151
4294967294,768
4294967294,766
4294967294,765
4294967294,764
4294967294,762
4294967294,758
4294967294,755
4294967294,754
4294967294,753
4294967294,72
4294967294,143
4294967294,135
4294967294,744
4294967294,743
4294967294,742
4294967294,741
4294967294,571
4294967294,739
4294967294,574
4294967294,736
4294967294,474
4294967294,140
4294967294,735
4294967294,476
4294967294,733
4294967294,731
4294967294,730
4294967294,729
4294967294,1430
4294967294,727
4294967294,726
4294967294,725
4294967294,724
4294967294,71
4294967294,723
4294967294,722
4294967294,70
4294967294,721
4294967294,720
4294967294,717
4294967294,716
4294967294,499
4294967294,713
4294967294,711
4294967294,710
4294967294,709
4294967294,708
4294967294,138
4294967294,692
4294967294,689
4294967294,688
4294967294,681
4294967294,680
4294967294,679
4294967294,678
4294967294,941
4294967294,1669
4294967294,664
4294967294,955
4294967294,655
4294967294,654
4294967294,652
4294967294,649
4294967294,648
4294967294,645
4294967294,640
4294967294,637
4294967294,1572
4294967294,626
4294967294,624
4294967294,620
4294967294,268
4294967294,618
4294967294,608
4294967294,607
4294967294,606
4294967294,602
4294967294,272
4294967294,597
4294967294,1571
4294967294,1779
4294967294,592
4294967294,1570
4294967294,1752
4294967294,591
4294967294,1676
4294967294,1568
4294967294,1569
4294967294,1736
4294967294,588
4294967294,582
4294967294,1112
4294967294,580
4294967294,1118
4294967294,99
1,0
4294967294,1665
4294967294,563
4294967294,107
4294967294,1567
4294967294,1089
4294967294,555
4294967294,258
4294967294,256
4294967294,947
4294967294,259
4294967294,1565
4294967294,1564
4294967294,1566
4294967294,1090
4294967294,1563
4294967294,1088
4294967294,517
4294967294,24
4294967294,1125
4294967294,944
4294967294,524
4294967294,1114
4294967294,1562
4294967294,46
4294967294,989
4294967294,522
4294967294,83
4294967294,1119
4294967294,1666
4294967294,158
4294967294,516
4294967294,288
4294967294,7
4294967294,6
4294967294,1611
4294967294,985
4294967279,312
4294967278,315
4294967278,314
4294967279,406
4294967279,307
4294967278,309
4294967279,404
4294967279,403
4294967279,402
4294967279,401
4294967279,301
4294967278,303
4294967279,400
4294967278,298
4294967279,291
4294967278,293
4294967278,290
4294967278,347
4294967279,283
4294967279,405
4294967279,399
4294967278,345
4294967278,344
4294967279,398
4294967279,235
4294967294,2
4294967294,988
4294967294,432
4294967294,1117
4294967294,281
4294967294,512
4294967294,1110
4294967294,513
4294967294,1602
4294967294,1431
4294967294,1664
4294967294,1561
4294967294,1657
4294967294,1105
4294967294,437
4294967294,1560
4294967294,1559
4294967294,1557
4294967294,1558
4294967294,1
4294967294,1438
4294967294,515
4294967294,1120
4294967294,1612
4294967294,987
4294967294,521
4294967294,1610
4294967294,1605
4294967294,26
4294967294,29
4294967294,27
4294967294,92
4294967294,421
4294967294,91
4294967294,90
4294967294,88
4294967294,87
4294967294,86
4294967294,85
4294967294,43
4294967294,82
4294967294,1556
4294967294,28
4294967294,1555
4294967294,25
4294967294,1606
4294967294,51
4294967294,53
4294967294,1107
4294967294,45
4294967294,427
4294967294,44
4294967294,3
4294967294,8
4294967294,9
4294967294,1554
4294967294,1553
4294967294,1552
4294967294,523
4294967294,263
4294967294,1609
4294967294,1604
4294967294,1550
4294967294,1549
4294967294,1548
4294967294,1607
4294967294,519
4294967294,1471
4294967294,1546
4294967294,520
4294967294,1443
4294967294,1545
4294967294,1464
4294967294,1469
4294967294,1466
4294967294,1457
4294967294,1540
4294967294,445
4294967294,1539
4294967294,1538
4294967294,1461
4294967294,454
4294967294,1463
4294967294,1537
4294967294,119
4294967294,1409
4294967294,467
4294967294,389
4294967294,409
4294967294,514
4294967294,1453
4294967294,1447
4294967294,1419
4294967294,430
4294967294,125
4294967294,1123
4294967294,1475
4294967294,1474
4294967294,1473
4294967294,1472
4294967294,383
4294967294,381
4294967294,382
4294967294,380
4294967294,379
4294967294,378
4294967294,377
4294967294,376
4294967294,375
4294967294,374
4294967294,373
4294967294,372
4294967294,371
4294967278,300
4294967278,295
4294967279,233
4294967279,223
4294967279,396
4294967279,394
4294967278,342
4294967278,337
4294967279,302
4294967278,304
4294967279,297
4294967279,292
4294967278,294
4294967278,346
4294967279,397
4294967279,392
4294967278,343
4294967278,340
4294967278,335
4294967278,339
4294967278,338
4294967279,393
4294967279,391
4294967278,334
4294967278,341
4294967278,336
4294967278,299
4294967279,285
4294967278,333
4294967294,444
4294967294,452
4294967294,448
4294967294,178
4294967294,386
4294967294,420
4294967294,398
4294967294,405
4294967294,408
4294967294,400
4294967294,406
4294967294,403
4294967294,412
4294967294,414
4294967294,450
4294967294,896
4294967294,181
4294967294,180
4294967294,271
4294967294,265
4294967294,1411
4294967294,169
4294967294,188
4294967294,185
4294967294,177
4294967294,182
4294967294,971
4294967294,370
4294967294,970
4294967294,0
4294967294,369
4294967294,368
4294967294,367
4294967294,366
4294967294,364
4294967294,365
4294967294,363
4294967294,84
4294967294,362
4294967294,361
4294967294,360
4294967294,359
4294967294,358
4294967294,968
4294967294,357
4294967294,356
4294967294,355
4294967294,354
4294967294,174
4294967294,176
4294967294,172
4294967294,171
4294967294,173
4294967294,170
4294967294,183
4294967294,189
4294967294,163
4294967294,190
4294967294,392
4294967294,164
4294967294,160
4294967294,52
4294967294,179
4294967294,390
4294967294,167
4294967294,967
4294967294,969
4294967294,1450
4294967294,966
4294967294,13
4294967294,353
4294967294,352
4294967294,351
4294967294,350
4294967294,349
4294967294,347
4294967294,348
4294967294,329
4294967294,328
4294967294,327
4294967294,326
4294967294,325
4294967294,324
4294967294,323
